1379105
1279927
581098
1296924
697841
307922
801576
997681
1319267
1273885
674606
1531584
580912
393429
559458
1368182
497852
1899725
647640
268952
83492
1039927
861332
914776
417548
610538
2298976
959401
1422897
366117
812689
1470746
1481904
490714
283012
1216199
782362
434159
1384951
940178
1318813
1374854
1235662
1099160
70391
987876
825772
1183879
25506
755223
2136883
1019797
1223583
672570
542274
304115
182088
1892763
79633
98664
2409054
121187
2138003
557986
1487572
465886
981200
417487
403294
2435321
901636
577490
680130
1466226
1920832
89305
51073
239476
219045
785330
594378
1119432
876608
89669
371364
1140240
1031085
2317060
1471485
346356
666291
121990
319036
65096
1206240
294780
938312
1358382
788043
495810
