32768
8320
132096
1179648
1572864
196616
16513
98305
833
1050
616
674
3585
4744
8217
8290
16410
20485
23040
39168
140032
143364
8578
19008
20528
45072
70146
262282
524456
1310788
2166785
4680
33664
65797
67842
69920
139282
139524
524481
1083394
50184
1049732
1118272
147521
558112
1054976
1077
1797
1682
1682
2585
2819
3203
11552
20998
4373
4576
4660
9032
10338
12562
16600
17042
17986
19080
33049
34440
46082
54274
58880
86021
131724
147477
188928
463104
2354
5288
16714
29704
34860
41312
43074
45216
49684
100512
100610
102532
133668
142338
143492
148800
196630
262215
314368
348162
378880
401414
526672
528546
591920
626692
811520
819248
1049110
1085488
1114133
1247360
1343498
34853
66121
136708
184384
208928
266440
272401
274498
299074
524378
538640
541256
623105
657414
659970
671840
721026
1058080
1139200
1441809
180740
360768
507904
527168
527552
540820
606228
688704
1081624
1319056
1442368
2360354
197312
394624
1315841
394498
1340
3214
6667
9921
12934
15106
33084
36893
47113
53298
61458
73836
346124
5402
5480
5784
6444
8789
9302
10298
20786
24661
24854
25129
25234
33110
33955
34345
34846
37538
38981
41066
43712
44545
49556
51298
51331
53321
55680
65822
66354
73830
75522
75928
76417
86104
88081
98664
98984
106507
131313
131642
131794
132402
132745
143379
148784
204842
262489
292868
297012
369665
426026
526538
528682
576768
578050
590008
603392
612480
627714
655513
692248
824576
1050056
1050950
1151490
7444
11824
11824
15456
20820
23120
33831
39112
43029
65955
70466
74388
76097
77891
83492
90629
90696
99590
100994
107044
117776
125952
132629
132660
133318
133766
134480
136577
139787
139797
147809
147852
147990
148416
158016
164552
180753
189472
196878
272440
273544
279573
283012
286776
288785
295985
301073
303216
327709
328496
336138
344337
345153
370752
394064
494592
525510
526442
540785
541233
542000
543424
557396
559622
592040
592096
592576
611360
656532
660016
664581
676866
688153
694273
708610
720915
721480
737300
770064
786648
787724
789016
789572
806960
819211
954370
983304
1049139
1050245
1059216
1114289
1126410
1171458
1179734
1187884
1195008
1197696
1200400
1212451
1261580
1279232
1360448
1426432
1441830
1442081
1454592
1474580
1640460
2122785
41576
82697
86546
137746
141648
143553
200448
221249
263750
279428
280088
297027
299078
303625
346145
377860
395794
526892
527584
527882
528774
533030
534913
540984
546840
550945
557590
557593
558356
565292
591396
622692
624712
625408
657681
658112
660256
663848
664609
667778
673825
690720
692290
725122
788529
791108
794820
796706
828032
860418
918548
921792
935968
958592
966688
1059408
1061905
1067712
1093890
1130633
1146984
1155332
1180746
1181770
1208352
1310766
1327696
1335816
1335936
1392900
1400833
1442882
1451520
1478720
1589509
1606150
20817
50052
82768
86178
173092
272132
282708
526363
529415
532503
532570
537617
538657
542274
545058
549186
561448
594452
626976
754692
876608
1066376
1067029
1075234
1081641
1097880
1114886
1117760
1181256
1185296
1246728
1249297
1575057
1717248
2491649
543268
560193
606529
657539
723208
789633
793616
821384
1060878
1087620
1090058
1179911
1315457
1315846
1577478
2637859
287280
1190160
1196322
1377088
2624517
561700
4984
7380
7825
16743
23578
24448
24789
25870
31762
51229
54657
62980
66780
119553
125504
150464
186625
238598
300480
438848
527689
693120
1707
1945
5733
7310
12977
13482
14668
14960
17241
17717
29445
30276
30592
33762
33943
34756
35225
35808
37203
39362
39720
43728
44294
52993
54976
56456
59792
60688
67192
67221
69218
74161
77940
78087
78147
78658
78915
79107
80932
82282
82707
83114
86170
86297
92300
98428
98792
103173
103328
104200
104522
105985
107273
108100
110881
115048
119136
131539
133287
133419
134568
141248
147577
164444
164629
164650
165020
166934
172848
176232
183316
191489
197348
199953
205876
206145
222016
229554
240648
248896
263082
263412
264343
265417
269096
271017
280603
284352
285072
290964
291394
295093
297129
320577
327979
337413
344376
345860
360540
361640
365571
393429
411746
414980
415240
418946
426282
434694
447492
450600
491557
524924
525734
526708
561888
562080
562624
564230
581676
600089
609314
613377
623249
655702
660056
671834
673848
678920
709376
786998
792852
806940
823040
828288
829449
840224
868390
892938
897536
930817
966692
983188
1050516
1050860
1052552
1053393
1053544
1053838
1054025
1115028
1130525
1166080
1167369
1179829
1181460
1188056
1345561
1483777
1507410
1619072
1721350
1966356
2801732
7321
25506
25651
27416
35281
35386
37330
38284
38674
43206
45416
51073
57436
60512
66988
75865
76102
76624
99091
100619
101252
101898
101956
102549
105602
106945
116241
116904
123148
138144
146498
153642
156204
164891
168211
178440
180792
182540
185476
188682
198028
205232
221828
233500
246028
248072
262627
266476
267324
268952
269089
276625
279241
287920
289376
295509
295565
298756
313928
315684
317520
318496
320040
332172
352900
361768
378000
401768
405542
409765
410164
417805
426531
427120
430213
435332
442379
442424
464929
468496
492112
526454
526577
529178
529677
530598
530598
531498
532759
533193
534629
537144
541097
541616
550149
550216
558380
559704
560002
569873
577550
582304
591014
591252
591962
592216
592296
598286
598412
600086
607243
610504
616544
636944
639256
656486
657577
657592
662600
663846
663972
667200
672812
676912
682002
695328
700560
705602
705616
706572
706692
708740
713732
716801
721208
721808
724228
729536
753690
786603
791107
805891
805908
808996
810496
811075
813121
835792
849920
852529
854128
860832
885282
887824
901132
909328
919656
936002
950436
983320
987139
989186
1053843
1057989
1060130
1063106
1065592
1070178
1082454
1082922
1083048
1109000
1114787
1118253
1118851
1122736
1130609
1132050
1140240
1144836
1183894
1188513
1197144
1213888
1217545
1250313
1252368
1253652
1269840
1280768
1287424
1311514
1311600
1319116
1320024
1320226
1323029
1325092
1343881
1372288
1387648
1441878
1446406
1450880
1462408
1577316
1581337
1591352
1593744
1618052
1806338
1859904
2126113
2147972
2200098
2296323
2425234
2494610
3479568
10597
22038
33731
49803
78118
79456
83345
83396
103050
142882
149543
149788
150312
156745
165190
180617
188592
200929
201989
264809
265497
267202
279496
289840
295826
297864
299314
301318
316164
330146
331152
352704
399521
406552
410188
418177
422018
443416
475521
479552
525591
529189
532661
532716
533388
534606
536067
537164
539906
541013
545305
551105
551178
551556
557986
559269
559270
559458
592274
598466
623115
624659
631080
657157
657994
661892
668929
670016
671827
671849
680018
688964
688992
692498
721506
725576
737306
754693
755976
772104
788038
789542
791856
791968
796193
796946
803139
803649
804964
819726
819749
819786
852674
888849
918850
921868
1000704
1062448
1069281
1079301
1080321
1090706
1091852
1099028
1099864
1102083
1114894
1115305
1117225
1119432
1119768
1121856
1122694
1122947
1124449
1124740
1127940
1143041
1147728
1179791
1183821
1184914
1205288
1217808
1261730
1314874
1314929
1316034
1327143
1327398
1345577
1351701
1384529
1447680
1478916
1490947
1509456
1606932
1630368
1663041
1708120
1712273
1836704
1844496
2228255
2238864
2243136
2261187
2366656
50017
115978
151970
151976
181640
207016
214282
267789
268341
281284
281353
282384
299083
460353
477328
536666
540827
545428
550028
561860
563848
565804
566433
590723
591430
593480
607301
622924
631330
656195
660289
661825
663623
666160
674081
680130
691224
693536
787845
789125
795970
836120
836162
852584
858632
901636
951554
984448
1069706
1085609
1087754
1116809
1205377
1247408
1321348
1325569
1509636
1839148
2262058
2278784
78232
201608
301208
531329
549988
560673
593552
594195
853664
1062405
1064452
1115399
1115969
1183879
1185925
1186849
1446532
1709188
2162831
426817
461188
569388
799256
1054219
1228888
2298976
2299
7341
7827
11023
13710
14923
15405
15514
17365
21425
22607
24879
28981
41702
55875
56082
67962
69418
75900
86896
87748
89233
115306
147886
170881
192531
224292
264813
603905
1062546
1909
5093
6823
7763
13746
15507
18527
18622
19251
19607
19655
20970
23209
23749
26344
28066
34483
35254
36022
36802
37113
38943
41898
42952
45276
48513
50092
50129
52676
53128
53484
53859
63495
66483
70873
71066
71996
72873
74301
74965
77264
78005
78005
78428
79633
79649
80909
81188
84313
86138
95750
97025
104732
107212
110092
115347
117802
118954
119090
135897
136556
140024
140470
140476
144407
147956
150644
151674
154131
155710
159945
159954
160841
161664
162144
165228
167113
182088
188557
221722
222656
226372
230092
231732
232144
232737
242256
243718
244032
250898
251168
263567
264430
268113
269482
271096
279402
281320
283705
284186
289368
290016
290966
291973
299256
299909
304992
305560
309267
312490
313387
329572
332124
336737
347336
348218
348314
352782
352835
357520
364352
365082
367626
377388
379014
379940
382272
395176
395834
397000
397780
401874
412353
442445
471872
478400
483410
513280
526909
527134
527314
528042
529844
529874
538440
538918
541878
543290
543292
545240
549490
562446
565490
576386
583186
584450
594772
595841
598047
602172
612898
614460
616524
616579
617988
623080
626746
631338
643122
643172
656760
657112
658316
659018
663673
664963
668452
671835
674690
680078
684568
688952
696440
699426
710724
712729
721991
722005
730133
738912
766224
787428
788043
788631
788668
790308
793378
794180
795290
801348
812688
819444
835670
847878
852374
860716
868508
870624
870661
885322
888916
889350
895000
901320
918157
959617
962848
974882
1049850
1050234
1051246
1053938
1055173
1056298
1057522
1058225
1058252
1058417
1059125
1059300
1066356
1070744
1072712
1107032
1114550
1130738
1138048
1155370
1188276
1190926
1204247
1212533
1220834
1233666
1257493
1257748
1259538
1290376
1294406
1311037
1312184
1312428
1374216
1392700
1411085
1444009
1456768
1460866
1462285
1496066
1584712
1646808
1656001
1676356
1696288
1900658
1909296
2231498
2296168
2305281
2314944
11628
13707
16020
20815
36677
38541
45976
47203
47385
48292
49614
50872
54924
58566
66478
68949
70939
71835
72083
74467
78264
80403
80522
83306
85046
91916
92937
94853
113760
117066
121028
135959
137001
138804
139642
140686
145860
145961
150341
152110
154020
157065
160529
164777
166121
166243
166506
166969
172437
174666
175370
176785
180841
188721
197532
198001
198348
199785
200340
201185
205414
210002
211992
213191
230166
232462
234065
235654
236580
237972
240208
246546
267494
270778
270812
272880
273159
275346
278905
283832
283956
285009
295410
296816
303694
304481
304709
311403
312980
318728
321924
325824
328807
331346
331525
334177
334979
338098
338756
340801
342090
345174
346659
346904
348824
355340
361558
362573
365189
365641
369328
369441
369748
369960
381194
381256
395382
397800
398514
400068
402115
404038
404162
405527
406944
407633
408098
409092
410232
410338
427051
434882
438440
442572
459420
459681
459973
460116
462891
465220
467242
467587
475420
477253
477457
483664
491817
493744
494724
496064
499719
508172
529611
530338
533926
533932
537639
537778
539913
541469
544325
544464
545732
546608
547342
547587
550054
550172
550411
554656
554756
560899
564784
568357
575905
576022
577312
586274
587016
590742
594318
594378
594762
594995
596140
609184
610514
625178
631138
631555
640385
642116
643720
656157
657590
661005
661185
669748
671988
672302
672496
672845
674186
683088
684180
688865
690632
696530
699168
700466
704651
707617
712715
713252
713776
721573
721618
727178
727336
730280
743457
746592
753896
754888
759841
764944
772144
774784
790755
791852
794146
794192
794966
796826
800321
801360
803297
803946
806688
810144
810248
812322
822356
823431
827812
828163
828429
830784
831809
831824
832548
834576
839792
843826
844833
847952
848130
852764
853545
856369
871433
885810
886888
887680
887813
887880
889992
894224
903236
905744
909576
917874
921658
922260
929859
934428
941072
942404
946689
950821
950881
954502
955398
958850
966948
983196
996360
999948
1016208
1050294
1051059
1057242
1057266
1058093
1058093
1061434
1062053
1062066
1067414
1077857
1083731
1084306
1086772
1091734
1093737
1099472
1105995
1117769
1118692
1121301
1121539
1122475
1123974
1126919
1138970
1145860
1147964
1149094
1156626
1157666
1163365
1167896
1171590
1183974
1183977
1201221
1201712
1211400
1213889
1229333
1231296
1232978
1247825
1261969
1278284
1284162
1288328
1313001
1315610
1319267
1320026
1320612
1327800
1335412
1340288
1344852
1344944
1345128
1345304
1354274
1357064
1361488
1365002
1366028
1373188
1376343
1380889
1387272
1393716
1411338
1413680
1426692
1429507
1434628
1447012
1450704
1450818
1456392
1458373
1458701
1458828
1470977
1476994
1478960
1483274
1487904
1523747
1526800
1548552
1582730
1590500
1595529
1607336
1614898
1617945
1641665
1645376
1676802
1705266
1705491
1708173
1713283
1753356
1779972
1785953
1798160
1838660
1894401
1937448
1966611
1999140
2106141
2126544
2135457
2139824
2153552
2167272
2212952
2233576
2245544
2312737
2338960
2418432
2445573
2450528
2474536
2494764
2638934
6475848
21675
36367
36409
40050
45676
76242
78278
80049
87594
101681
112802
115989
136587
138279
140741
141479
158746
160224
166505
180938
186660
197063
201101
201102
201827
201905
206373
206601
209996
230934
237955
267865
269081
271181
271313
272289
273091
274659
277013
278687
279311
280345
282931
283211
291980
298185
303893
312152
320448
332062
333204
334626
338092
345396
366642
368977
370306
395760
404248
411298
412052
412227
415242
418100
420448
430308
459805
467596
468498
475241
476496
495810
530866
536805
542837
543204
544267
545309
549927
552465
562470
565706
568331
576026
591435
593204
595019
603716
604960
607307
607576
609604
610410
615810
635170
657050
657530
659392
660297
660840
665040
666694
669800
670217
672348
672934
674416
674416
676937
681496
682145
688849
689443
691364
700528
706320
709712
721516
725578
725772
788163
788542
790037
792771
793137
793988
796336
797473
802895
803126
803953
804433
805514
807206
810024
821457
836932
840001
840784
852359
854602
855116
856418
857110
861332
861449
862260
870208
885448
923937
923970
926801
931845
938312
944168
983303
985480
988225
1024516
1052767
1057483
1062169
1080833
1083943
1085531
1085894
1090732
1092675
1094817
1099015
1110065
1110114
1117066
1117537
1122583
1131633
1139081
1139845
1140360
1141896
1143046
1147331
1150338
1165072
1182773
1183584
1186842
1189980
1197449
1198250
1198277
1201704
1206533
1206850
1207872
1214858
1216662
1245589
1254534
1280097
1312488
1322036
1322160
1332261
1332760
1334312
1335713
1337417
1349669
1351957
1360769
1362497
1380458
1381510
1384611
1397266
1417242
1435664
1443121
1443528
1445980
1446158
1447201
1447208
1464452
1524064
1548576
1564673
1579113
1582024
1586232
1589899
1591536
1598337
1598601
1599168
1603328
1607584
1608993
1655984
1714183
1737540
1786180
1836565
1843912
1850112
1903760
2007328
2141776
2165015
2230574
2232256
2235654
2263577
2271336
2279714
2393165
2402404
2426456
2629917
101013
101517
144025
154680
173349
182474
199107
209506
229872
230256
272478
280457
362249
377058
399116
400518
475779
527243
531098
531843
535125
537780
549075
549405
551686
561447
565335
578573
591375
597123
603281
606867
609361
623584
674388
688805
694310
774224
791597
792615
805011
805157
807620
819657
887108
919171
988170
1074060
1077474
1085068
1086998
1089869
1099160
1106062
1106115
1118627
1118774
1122936
1132629
1148768
1155634
1172036
1185545
1189141
1190467
1213081
1255812
1257648
1314566
1335500
1344456
1348649
1378573
1379105
1583892
1647141
1655433
1674000
1714324
1934600
2246034
2263337
2279698
2373912
2491491
2496579
2498713
2969640
46260
369057
461577
551194
566826
594833
615010
706760
723632
792257
797890
1085316
1103970
1104140
1117454
1150488
1152025
1183494
1204371
1222740
1261778
1355952
1376903
1512468
1596450
2495256
737640
921348
2302154
16038
18169
24827
28616
33215
40792
48233
48454
50134
51422
65096
82428
83549
85039
90601
119943
120209
122967
127062
129601
147679
153844
182813
186631
187984
224804
229979
265063
270228
271575
362404
377257
394415
433163
435425
442702
551826
674753
788845
834054
874569
893042
897097
919861
961554
1053658
1077846
1203073
1241140
1409182
1749065
2112916
4351
7358
10655
10683
10746
14747
15147
15329
16240
17883
20329
20981
21490
26983
28074
31148
32042
36523
38739
40598
41647
41835
45399
45433
46817
52968
56335
56474
58014
58092
58925
60611
60980
64777
67047
67061
70137
72316
78635
80459
81189
81434
86830
89669
90333
90399
90588
94269
96720
99131
99820
99964
100249
101558
107228
109682
109724
113298
113872
115066
116797
117278
121418
121987
121990
140780
141754
149934
150559
151427
153208
158478
158859
159267
159624
161169
165223
165834
166253
169393
171782
174365
178080
178206
178786
182429
190021
193112
194698
195105
197483
197991
203492
208990
209737
210439
212737
213238
213403
216643
217294
226000
226342
228544
236297
237742
240389
243781
246444
248457
250200
251939
254037
254091
255137
265629
267719
270129
272269
273102
273827
275432
288225
296285
297023
301118
305274
307343
310297
313125
313249
314088
318640
319009
320930
325056
325891
332589
333418
338881
344824
345291
347909
353351
358500
360543
364321
366048
372257
373836
382220
400965
406309
414598
421640
428153
429590
434393
434715
437952
441364
449808
450662
455968
467290
471317
482448
492173
492693
494369
495248
500757
509505
521218
526297
531239
532243
535095
535964
542138
543459
543720
544582
551086
551288
555412
564762
565689
566492
566799
572429
575850
576449
577721
578788
580361
580362
584088
584872
586505
587795
590685
591693
601625
603222
604034
604268
605706
610744
612226
616104
616900
616998
624084
624699
624873
628885
631480
631851
636225
638032
640338
641129
649229
651401
661846
662218
664013
664794
665103
665117
667014
672570
677948
679298
680494
688935
691723
693767
698503
699916
702020
702601
715779
716870
718338
721455
722215
723622
725114
729706
730155
766994
770354
779267
787287
793174
801576
803786
804522
814724
829582
831168
842305
848010
852583
853860
855118
855187
861616
870081
870787
872525
872726
880136
881162
891913
899208
904336
909326
910850
912000
920141
920786
920788
922068
924050
935124
939523
940240
940577
942196
943760
952545
958617
958692
977536
978176
983402
987969
992450
996736
1001514
1007642
1015862
1019956
1051471
1051516
1054193
1059533
1062485
1062738
1066219
1079465
1083770
1083836
1090667
1092038
1097288
1106521
1118954
1123738
1127454
1129121
1145416
1145868
1147258
1151149
1153047
1155388
1171762
1174568
1182363
1186476
1189601
1196886
1213356
1224384
1224781
1254460
1254492
1256993
1257704
1258503
1261686
1263639
1265687
1266962
1270917
1280804
1291273
1296482
1299776
1303617
1314394
1323797
1328519
1334465
1335467
1344179
1362817
1372428
1376630
1396481
1401126
1404176
1410164
1410888
1416260
1417735
1421844
1423744
1425479
1427732
1428498
1455365
1466112
1470628
1474619
1474955
1475786
1494532
1499654
1541700
1558144
1558540
1576109
1582892
1602210
1603140
1645250
1673366
1688844
1729038
1747977
1764356
1766016
1784833
1812486
1886249
1909144
1913728
1917330
1933620
2102257
2102707
2107004
2249788
2315140
2337921
2398238
2471953
2474265
2498789
2736151
13939
27223
29593
30814
39545
39738
40184
40207
43830
46506
48920
51791
52121
56089
59994
62221
71255
75722
78328
80182
84775
86389
87956
96708
109859
123338
142245
142755
143252
143603
145073
154968
158626
159866
160302
160673
162318
166551
169816
171557
173770
173912
176525
183192
185186
185644
185912
187668
198597
201373
205415
205595
207974
209734
210217
213223
214641
217449
218310
219368
225477
226468
226472
230298
231653
232771
232792
234296
235276
235704
237080
240154
242456
245024
247188
248544
250252
256336
258577
268012
268234
273770
274036
275239
275638
284906
285396
286957
287212
288950
292264
298466
299822
300933
304531
306053
306084
309781
310808
312725
313459
313699
317344
320587
331433
336820
338356
341529
342665
344413
346356
354953
356550
358467
359490
359520
362947
363798
365625
366904
368867
371120
374836
385826
396889
397558
398155
399517
402808
404400
405988
408738
411175
412057
412243
415329
420490
426426
428486
428634
431206
431637
432902
435601
436421
443064
443760
445736
452720
460006
464073
464225
467873
469896
471266
473138
473162
475317
478032
478354
481616
481828
494636
502880
508998
513288
517200
531257
531772
532973
534364
538034
544612
545079
545083
546288
547382
550221
551282
555173
555224
558507
560469
561590
561822
562350
562546
564132
566070
566393
567513
570736
571715
572556
573799
574698
574840
576169
578226
578638
580912
583427
593332
597261
599721
600428
601641
605576
606391
610757
611986
616228
626002
627859
628050
628250
631921
632240
633027
639765
642092
643468
647372
649738
656207
658541
659113
659519
661176
663075
666187
666922
667203
668898
670034
672287
673130
675377
676367
676494
680404
681680
682772
688949
688971
689994
691320
693308
695384
697397
698676
704819
707520
709744
713286
715282
716040
721142
721717
721827
722826
723245
724530
725953
727621
728101
729401
730183
731465
737843
738327
742153
745896
746084
746257
748612
749730
755798
755877
760897
763956
774277
789083
791740
795742
796344
796578
797020
798008
799188
799448
805255
805324
807146
811559
812110
812197
812689
814370
819893
822825
823526
824113
828010
828972
831817
835855
836246
837009
837202
838768
840217
843978
844440
852906
856729
862483
862857
863369
864658
864936
865666
867348
872842
880848
880944
885148
885787
885787
886688
887815
888340
889110
891970
901174
905350
905737
910016
918299
918949
919737
920012
920170
923048
923218
925072
926115
928916
934427
935122
935576
936344
937484
940178
949760
952160
958913
967705
969296
983954
986196
988752
990344
991382
991832
992580
995984
999980
1000548
1016216
1017898
1019932
1024532
1026096
1030160
1032354
1059943
1060181
1061301
1064848
1069974
1078177
1079088
1087687
1091242
1091948
1092359
1093004
1098869
1100345
1100371
1102483
1112768
1117897
1119461
1119857
1127209
1128048
1130050
1133838
1142146
1144160
1152389
1152785
1157150
1160834
1161664
1165462
1166362
1181299
1182565
1186025
1186482
1192270
1193624
1196455
1198982
1205608
1205635
1205666
1214180
1217329
1221661
1225506
1230388
1230863
1234576
1236232
1246093
1251357
1251922
1254211
1265410
1267852
1274018
1281283
1284614
1286473
1286856
1294471
1306768
1313390
1313619
1316955
1317321
1318100
1318308
1320298
1321628
1323559
1325388
1327482
1328358
1345082
1346225
1352504
1352806
1356386
1361669
1364069
1369605
1372212
1372297
1372929
1376543
1377945
1382460
1382670
1386780
1386945
1388753
1393076
1393094
1405189
1409436
1410149
1410232
1415364
1420305
1422369
1428486
1431585
1444171
1446820
1452361
1460614
1467681
1468940
1475115
1475913
1491256
1491506
1496196
1503364
1513617
1541164
1579804
1581485
1582310
1584426
1592113
1594264
1607144
1609350
1638886
1640551
1644741
1645620
1672610
1689740
1691008
1706793
1706948
1708826
1714840
1715312
1719816
1746210
1749633
1791009
1803041
1837653
1841332
1844786
1846176
1852018
1869697
1869902
1884694
1919522
1931265
1937793
1982818
2111662
2115560
2127125
2129218
2166512
2183589
2240685
2277605
2301700
2311408
2317060
2336820
2363112
2369361
2464576
2469377
2470216
2507434
3318297
11629
40051
40526
43477
51057
51954
63968
79461
86699
88473
112686
149663
151352
154409
158293
159911
160910
161294
176850
183373
188531
189168
189717
215954
220832
221898
237802
238036
246332
258596
267927
269367
273175
276122
284250
289881
302920
307922
337067
337764
347306
349459
352907
354842
365266
366117
367256
371364
377244
379476
401567
402353
407128
408968
411420
427625
429716
435428
444593
461095
476370
493081
493906
527423
541639
543023
549771
549919
550787
554755
565815
576566
582919
586118
586129
592190
592726
594771
594851
596263
597556
598926
600221
601481
603736
604252
604776
609592
610538
611508
623303
623836
624167
626370
627239
633506
639352
640588
641315
645472
661565
665134
665743
668203
670353
674168
679186
683090
689105
690319
691339
691985
694598
698008
698921
705504
709194
723502
725228
729516
730289
732353
739477
741961
746081
754608
770721
794138
796794
797353
798906
799436
807254
807380
808042
808101
808113
811219
811413
812121
813281
813610
816274
820751
821557
823609
828953
830986
831637
832161
840006
852423
854860
877953
885938
886168
893538
902913
918897
920633
923723
926803
930032
934183
940043
940298
940624
940832
942754
944280
952602
952845
953000
956036
959569
959588
962582
985131
987275
1020938
1062477
1073614
1074777
1078736
1084047
1088269
1098585
1099365
1106292
1106989
1110157
1118152
1121634
1123531
1125780
1127826
1139302
1142292
1143173
1149155
1149603
1150178
1157286
1160304
1163752
1171845
1173040
1188431
1191364
1192868
1194196
1199753
1200977
1206160
1217240
1231521
1233080
1237409
1238097
1238177
1255593
1258320
1267864
1271170
1282373
1295113
1295633
1302659
1304736
1318425
1320477
1322584
1323242
1326354
1333786
1349220
1351851
1361121
1379386
1389701
1394128
1397812
1398052
1402380
1448022
1448078
1450698
1452140
1460275
1460577
1464644
1466722
1467441
1474651
1475026
1484042
1485008
1491338
1597312
1610332
1614546
1615650
1644053
1651394
1667649
1681446
1706255
1714346
1726738
1753622
1773746
1839736
1845827
1851783
1859689
1880616
1884274
1884561
1884562
1984609
1988632
2115227
2130806
2152756
2183707
2197913
2289706
2296214
2319441
2336838
2402381
2462928
2483217
2640438
2647345
2670810
2908460
3266656
31348
59084
96316
142103
174548
265759
275302
298780
320796
334389
339282
352435
353094
353836
363278
366124
373600
382120
403298
429338
430441
462304
501568
553273
566861
575330
577646
577939
586208
594727
597904
602725
604217
607883
608843
610772
610957
615754
666165
668578
668788
677157
691740
726570
743048
753884
793370
801799
801926
805015
809102
812260
812358
814220
825626
827798
837961
840356
844225
859395
870732
905506
913504
919955
920048
929160
954661
954706
954962
968072
985738
986634
990722
1076747
1088569
1099897
1100423
1104412
1108193
1119637
1155914
1159221
1160244
1171905
1205460
1213726
1221076
1225304
1226773
1248793
1255602
1258060
1279778
1296916
1320015
1362328
1370512
1380161
1447728
1449489
1516305
1612881
1618273
1652998
1658981
1674008
1717524
1773912
1874188
1918242
1983684
1991872
2128921
2136969
2146801
2388494
2405480
2836896
100231
334478
416344
429219
435026
447184
575687
611500
626328
682316
759960
877154
925201
926149
946232
970960
1016513
1079815
1080451
1132717
1150604
1163721
1165852
1185669
1265818
1282360
1381645
1383586
1411524
1451205
1452824
1484884
1556704
1594635
1648934
1672129
548374
602701
640226
1060375
1141848
1410402
1626394
1411426
6527
19902
25341
25727
28563
31917
34239
49599
62039
64147
100330
102653
144062
162481
169713
173036
212641
260614
281078
337295
337841
356228
360702
368289
373390
401225
435324
438146
442113
505424
513164
519186
545718
591612
600861
654346
702211
782362
782373
794532
899146
950679
1058045
1058479
1062386
1312505
1386209
1484673
1582317
6140
14837
19263
19387
26455
26541
26554
27367
30603
33790
39166
46395
48295
56917
60876
60967
69295
73069
74431
77674
79825
81241
82878
85930
89510
94092
95294
97052
101102
103149
103341
103404
104269
104931
108280
109426
114344
115194
119526
120515
120521
120713
120956
121244
122250
122420
124611
126289
126485
129610
137187
137693
140479
144109
145362
148159
154451
155015
155034
155305
156149
156602
162573
166111
172859
173470
178343
179469
179864
181438
182461
184935
189037
189237
192619
194823
195346
195394
198110
198134
203470
204520
204644
205245
208744
209979
210461
214520
214734
216560
222673
222696
222795
224140
225311
225835
227914
228374
231894
240025
242566
242745
244610
244672
246195
249484
254617
256736
256897
265595
270126
271099
273148
274168
276307
280189
281019
281399
284146
296287
300406
308902
315679
315965
316807
319831
323097
324009
326801
328927
330159
331249
332127
334999
336888
340348
343578
344893
348531
349905
351247
353102
354366
357447
361707
364663
366968
368958
369723
370572
371299
372262
373368
375365
378987
381656
384517
398585
399710
407123
413393
416391
417158
417548
418166
418847
419158
420536
422250
423061
423237
423392
423618
427925
430763
430809
432924
433864
434809
439047
440067
444306
444477
445717
446649
446924
447590
450739
458272
459998
461434
463705
467689
468365
475927
482881
484995
488966
491010
491927
493195
495789
497941
500807
501814
503008
504906
505160
508231
513808
516498
517141
517764
518728
520330
526077
540058
543087
545274
545591
546079
546247
549622
552249
554693
554852
556744
559082
559975
561001
562650
562894
563948
577444
588976
592702
593861
594426
602364
604251
607854
611867
614889
617020
629323
629585
633607
633628
633913
635002
635576
636427
645460
647602
649324
650281
650818
657267
658846
659174
659251
664759
665322
666291
670409
672487
673642
673690
674486
677433
683147
683402
687125
689125
692666
700986
711244
712197
714872
717204
718883
721785
729277
733880
737739
738022
740494
741534
741833
744641
745503
749653
755915
759504
762966
763057
764039
764204
766756
769538
770139
770219
772204
774929
787895
790349
792983
793006
794410
803804
804307
818344
818376
820679
821678
827822
830881
831956
834216
836695
837584
838772
841604
842277
844341
849666
854776
856537
857968
860621
861965
863259
865220
869317
870795
871664
871880
873200
882949
882992
890633
896896
901461
901709
908322
910388
918366
919930
922733
923949
934223
934555
937378
940174
951193
951513
952114
961094
961922
962082
964161
969749
978240
984143
985243
985395
994330
1000880
1000897
1001226
1001750
1010052
1011782
1011785
1016628
1032221
1036386
1036833
1051967
1057711
1060761
1062140
1063765
1066933
1070205
1076600
1077867
1086938
1104804
1105194
1127815
1130911
1136436
1138113
1161000
1161749
1166506
1173936
1185103
1186583
1187544
1188819
1200542
1202574
1206240
1206981
1214076
1240071
1242627
1242784
1252619
1262685
1265852
1278558
1294635
1297033
1298478
1303053
1313487
1315691
1317244
1324629
1336493
1349240
1376733
1380718
1391496
1393054
1397176
1397638
1397644
1399744
1401401
1423906
1428688
1438864
1443159
1445143
1465859
1468042
1468225
1470746
1471626
1473572
1496512
1498372
1508510
1539073
1576095
1583354
1584537
1588006
1592122
1603209
1635347
1640177
1640331
1658641
1677216
1678146
1678152
1682051
1684802
1688404
1709432
1718674
1748353
1765922
1786338
1796626
1835742
1841640
1843886
1885199
1939208
1942030
1943105
1970612
1975500
1993219
2005440
2032468
2118140
2135796
2140878
2141432
2171868
2172757
2251651
2384238
2446985
2478355
2624315
2687740
3133452
22005
30442
44939
52590
52697
52956
53141
60019
67451
70391
77235
81740
89305
89937
91502
91962
92955
94823
95293
100155
102384
104245
112950
113436
116594
124121
126754
150261
151134
156279
173301
175480
177270
177338
178582
179398
179740
190219
199511
205683
208325
210588
211562
211788
212067
218678
219230
219450
220249
223700
226062
232252
234087
234165
235960
236724
241173
246005
248259
249974
250909
253569
255764
257320
269050
272238
281978
284959
285021
285134
286030
286410
286973
292530
294289
298362
300469
300469
301980
302201
302381
307819
308082
312950
315060
318522
318606
318776
320984
322904
323891
324449
333037
333734
334494
334681
339428
341426
341797
343844
346430
348622
353219
356939
367143
369462
379085
379470
379962
381015
383260
385381
385768
385868
386610
389143
403384
406438
407249
407659
407883
409155
414062
414125
415640
418710
424227
428857
432345
432556
437044
439410
445268
445296
446033
448081
449700
455088
461049
462411
463475
466198
467607
467697
467766
469402
471708
475679
477511
477618
480553
483389
485132
485475
485716
487041
493902
500611
501027
501298
503894
508326
514640
521088
534427
538059
538524
541630
544318
544363
547569
553387
553390
553689
553906
554582
556110
558447
559357
563563
563683
564593
564649
566197
566987
568430
569758
571078
572368
574647
574844
575930
578530
578908
580126
581424
587057
589315
596709
596782
601510
601720
602937
603253
603315
607988
610097
610681
612809
615027
616901
620088
624279
624485
630356
633383
634153
634306
634452
635196
636181
636967
643768
647565
647640
653350
660725
662621
667302
667767
669388
670162
670436
676749
678541
678955
680654
680750
682539
685833
687752
689719
690997
691049
692106
693307
695656
697166
698161
699918
700533
702004
702916
704701
706801
708392
713188
713321
713366
713813
715078
724840
725182
727284
728370
728597
730066
731380
735649
741486
741581
743234
744232
749898
750117
751768
752386
754876
757137
757819
760874
764520
767060
770762
773520
774918
778524
779025
793336
797937
800170
800436
800460
801221
801331
801744
801989
805086
806294
807603
808237
808613
809712
811379
811678
812528
813721
814125
814488
822937
824218
825756
825772
826820
826984
827755
828007
828238
829723
830054
830790
831736
832611
834117
836307
837360
849057
849312
853817
861425
862442
869163
871189
873922
877673
877766
878226
882188
886343
889883
894222
897681
898092
903466
903558
903768
905330
905372
909642
910448
920050
921177
928822
932169
936115
936333
936673
938356
939061
940482
943224
946772
951595
953044
953450
954130
955421
956104
960138
961050
969298
977932
978972
981124
984524
987467
987876
988388
988754
989778
992705
992865
994053
995746
997387
997698
1017042
1017946
1022152
1022993
1024141
1024401
1032585
1049343
1060411
1064298
1070893
1071088
1074027
1074463
1079010
1081098
1085046
1090515
1096404
1103660
1106733
1107800
1109232
1117043
1124073
1138370
1140295
1140626
1141389
1141861
1141923
1150764
1152236
1154691
1157478
1159289
1159819
1160802
1163423
1165944
1169962
1173123
1181519
1182558
1184670
1191705
1192750
1194417
1195277
1202857
1213275
1213397
1213881
1218456
1219250
1222260
1223815
1223877
1225129
1227030
1233466
1246523
1266062
1272401
1273885
1286254
1288548
1296924
1297800
1303590
1303848
1305408
1314701
1315262
1317227
1318610
1321811
1323497
1323512
1326977
1329587
1332451
1332581
1337219
1338058
1340565
1341587
1343009
1347536
1348082
1350919
1352625
1355184
1357218
1361084
1361636
1362864
1363746
1366294
1379237
1382338
1385699
1386620
1388942
1391009
1407074
1411290
1411320
1414040
1420307
1420848
1420936
1423444
1428101
1429124
1430044
1430404
1430722
1437961
1443510
1443548
1444691
1450932
1451181
1454174
1466000
1466447
1469256
1481904
1486987
1493069
1497474
1510086
1514129
1519362
1525955
1527361
1529882
1560710
1586403
1590710
1594211
1598031
1599036
1602714
1608142
1610895
1615666
1616833
1618150
1619348
1621140
1624002
1634379
1634964
1641960
1657260
1672019
1681738
1688036
1690724
1705295
1708517
1709622
1709859
1711906
1712954
1713068
1717767
1727109
1763076
1770956
1774560
1777172
1777849
1781040
1781184
1787282
1788230
1792642
1803429
1820448
1837004
1840691
1861771
1872564
1874369
1877766
1884842
1896522
1904352
1907737
1917981
1920138
1968483
1968963
1969872
1979141
1995025
2011344
2033240
2100982
2145926
2155324
2195831
2204342
2213022
2259523
2272657
2288804
2299998
2301384
2308528
2312463
2313239
2338902
2348704
2382158
2410194
2412659
2431097
2434142
2643147
2956488
3346523
31217
52638
55733
59187
80357
92379
108175
121187
121268
142795
149341
150846
159538
175765
182001
189021
193226
198493
202638
209393
216378
243826
247323
249101
250277
250700
251217
269230
276204
282507
286483
290350
291257
301786
301932
307389
307799
308629
308692
310565
314011
316218
317137
320679
322218
334700
339115
342858
346857
348875
351444
353221
354517
365159
367916
377749
379054
382404
387625
415433
436690
460571
462620
465181
467758
471282
472362
478776
492516
494185
495731
504345
506080
509296
513106
535215
539122
539847
549215
549365
551734
552471
555242
555406
569250
575119
577995
578253
579942
580750
587890
593724
597389
603335
603620
604446
608862
615094
621137
621716
626371
626451
627610
629069
629354
631270
631653
631750
631918
633173
633704
633752
635670
643525
649633
649840
661085
662343
669940
671184
672943
673235
674606
674699
675225
675721
676581
676713
676750
677198
677546
678061
678297
680251
681204
682201
686544
686611
690775
692176
693670
695113
698771
699157
701222
701360
705260
706404
707339
707410
707980
709014
712945
734772
738994
747813
751236
755223
758934
770275
770439
774978
780369
789422
789815
797910
798846
806005
809571
810097
815437
818183
822919
825705
828062
832401
833820
833829
834070
834148
838219
844829
846640
855102
862696
863875
865382
867587
870065
885101
887468
888372
892256
893164
902321
912408
915552
923077
926919
927125
927315
935346
935602
939308
942309
954152
955956
956178
957762
969354
986508
987324
987694
992410
992818
995653
995944
1000266
1017162
1017618
1026340
1032880
1034404
1070683
1070933
1071795
1085325
1085679
1095047
1101281
1102739
1103375
1118149
1122117
1125842
1136795
1145930
1149342
1152611
1156406
1163979
1165140
1170060
1196999
1208890
1209737
1221865
1225428
1248467
1255595
1264933
1266580
1268528
1271066
1271084
1278393
1281555
1287784
1288417
1294631
1297954
1313583
1322293
1326440
1326530
1332255
1339876
1340368
1342113
1347281
1352862
1363274
1364594
1368182
1369824
1370340
1374290
1391764
1397098
1406352
1412300
1418390
1423382
1448150
1448169
1453284
1459355
1464504
1476546
1480082
1482370
1483496
1494320
1496600
1497132
1499810
1510556
1511981
1528106
1531009
1542691
1543041
1584880
1586794
1587427
1594969
1594970
1597314
1598948
1611047
1612010
1612210
1642404
1648220
1674630
1691918
1711764
1754480
1772086
1777893
1804128
1840835
1845369
1845605
1865832
1909037
1911970
1920832
1925398
1934274
1947137
1950739
1959056
1972330
1975388
1991241
2003139
2050338
2136883
2159554
2177295
2238119
2289962
2311386
2331271
2335827
2343621
2351749
2365276
2370621
2386221
2399570
2409054
2448705
2525750
2692337
2757820
2770203
73501
91955
95068
161001
217962
231921
326112
348845
354649
357560
366284
373172
377692
407793
407949
433458
435413
478291
504152
553210
562891
572476
576922
578771
581400
596541
601034
633013
640796
651489
665293
670347
670861
708950
724365
735345
742232
745563
746698
763808
771970
793269
811215
811575
815844
823068
830808
831852
833862
839894
840401
844110
863570
870821
871768
877361
891212
891681
893545
924935
927278
928814
930843
936394
936613
945345
945345
952140
952981
953614
953635
953870
955112
955683
967393
971089
986501
1089917
1110768
1136854
1139068
1145226
1160034
1171655
1193082
1200749
1226922
1228983
1229667
1251635
1255025
1256753
1264049
1282499
1320851
1335060
1336091
1336627
1338764
1339958
1354029
1364182
1380230
1398120
1398356
1417944
1456654
1463461
1474923
1477398
1478889
1482024
1500360
1510949
1618247
1646895
1667777
1689678
1713640
1717390
1742105
1849733
1858582
1872114
1881680
1935756
1991832
2159074
2179767
2210332
2527387
248265
302235
350554
369617
385265
445542
547934
553863
568918
599955
603293
612907
633251
677285
698793
707938
713842
733389
801310
824265
862507
870054
999889
1097227
1106158
1141097
1153434
1157548
1159565
1220392
1254606
1325591
1342004
1383848
1414856
1618373
1663155
1665377
1983779
2023536
2286820
2428071
2672524
239058
706905
991716
1143388
1152793
1334085
1454435
1860377
1983889
2048928
31963
65226
81621
98100
103135
145381
150270
172539
176073
195916
201717
219454
230719
260149
351204
447609
520771
521025
531449
532406
545647
604129
675800
779909
780876
790506
829551
920175
971791
1070070
1178404
1969577
7423
23548
28154
30543
39925
46062
53236
58327
63901
64683
75391
75639
76655
79223
80687
81559
85973
102131
117181
120167
121022
122337
123007
145386
146139
147251
151537
155562
159403
167831
177144
177822
179909
179975
181991
184955
192297
193235
193449
196234
197629
201467
202617
203133
204237
204587
206710
217531
217587
218333
222165
229249
234746
235823
239859
246447
248654
251059
252812
256174
257330
260298
261824
270007
276157
280287
288095
293675
294190
294565
298235
304115
313695
313711
317400
319146
327120
328447
341880
343385
343821
345215
347059
350106
361695
361949
374578
375028
375690
385845
386284
388174
388174
391476
395191
400061
401229
403294
409237
415119
416542
416710
418043
419182
419764
423636
424730
428012
429875
431036
432380
435387
437021
444243
449841
451179
452850
453841
457876
472095
474945
476601
479200
481522
482851
486542
487208
487731
490672
496556
501105
508463
511626
512220
512283
512710
513069
513378
514187
516458
517770
520802
520993
521286
522259
536316
536499
538535
540648
542714
547135
549627
550743
556396
556822
560862
563180
564728
564939
566999
574205
577001
577490
579052
580263
580947
586571
587596
588182
592883
596407
596980
597843
600287
601834
603710
605905
609710
611391
611566
611871
619737
622432
622528
626349
627837
630504
631261
631755
634398
637099
638737
639327
646187
654436
658895
661230
661883
664061
665529
671309
673487
674790
697841
700144
702178
702952
703720
704152
705466
718532
723295
726954
745931
747093
749202
751751
752139
754170
758077
758863
760485
761475
761537
762541
763001
764536
764707
769794
776732
780098
783652
790265
791007
792399
793275
794263
794285
794421
799606
802641
804286
804303
805837
806636
806757
812508
812970
817749
819965
822939
827149
827157
828378
831003
834371
834631
836538
837975
838580
839107
840029
842269
842660
847500
847979
852926
855755
856566
859082
860539
863347
864827
866272
868102
872655
872909
873714
876069
877111
880065
880845
886227
888395
888425
888426
888776
889022
893277
897303
898252
900386
901927
906648
907294
907546
909722
910883
911495
913620
914474
918943
919278
920430
921043
923035
923116
923572
926334
926511
934890
936507
937812
942679
943592
954479
954872
957996
962433
963214
964103
964488
966846
971490
976265
976426
977989
981200
982036
982160
987343
992692
995009
996885
1005646
1012129
1012231
1017576
1018503
1022723
1024740
1025110
1025240
1033545
1034948
1038473
1039620
1040442
1040526
1040972
1041104
1041185
1041492
1044998
1045058
1056622
1056723
1066939
1076691
1080028
1080248
1087102
1087263
1091502
1092734
1093182
1094620
1095537
1100666
1101748
1103321
1105491
1107669
1111896
1119191
1119951
1123965
1126279
1127157
1137459
1145258
1146375
1170856
1180670
1186463
1191834
1197531
1203004
1203609
1221531
1223451
1228704
1240880
1246142
1253284
1270047
1271839
1272924
1272948
1276950
1282778
1290893
1300572
1306794
1307779
1307782
1321655
1322439
1326173
1326294
1330617
1330674
1333127
1349496
1354862
1361261
1370980
1377274
1385334
1385535
1385927
1391494
1394552
1396449
1397303
1399559
1400454
1406053
1407523
1408052
1416963
1421625
1428912
1436685
1438284
1441152
1442803
1449428
1450621
1453028
1455278
1455474
1466180
1468510
1472722
1473409
1476851
1481095
1485387
1490020
1491642
1494539
1521314
1523104
1525869
1528118
1536085
1549098
1560802
1576187
1579763
1617356
1619251
1636883
1638910
1638910
1705958
1728196
1743761
1747005
1748772
1752131
1759555
1761587
1774265
1780163
1801408
1801729
1813186
1815174
1836789
1843919
1850788
1851646
1874091
1905051
1945091
1946769
1959304
2001101
2019851
2103286
2175791
2232267
2244274
2348326
2393711
2465911
2485513
2495977
2627294
2655214
2668326
2790118
3031765
3183484
16117
28571
30650
40892
48027
59183
61694
69103
79354
80627
81115
89913
91102
95986
97738
97881
98272
105662
108343
109430
110546
110967
111515
116595
121273
121653
122546
122712
125365
126580
127897
129085
137083
159604
175675
175860
177638
194318
195698
203486
206455
209755
216750
219045
219064
219089
219112
222158
222968
225455
226398
226411
227635
230333
232543
234439
235350
235943
238556
242108
244177
247254
249398
249479
251165
252400
256542
258443
270070
273335
285533
290738
292803
293293
298619
301471
302702
306932
306997
307687
308574
309709
309745
318294
319302
322682
327206
334431
341690
342988
343000
346543
346719
356850
362446
371023
371767
374584
375559
375574
377310
378556
379750
387992
390596
391331
401272
408143
408938
413146
413363
413398
417674
420299
421225
424215
428010
436148
445083
451429
460647
464566
468825
470426
470921
471151
471779
473450
475629
476652
476790
478393
481683
485543
487623
487815
490762
490786
492379
492985
493286
494485
494709
498838
501019
503994
505010
506065
507026
510541
511015
511824
512665
514198
516871
517702
543583
548593
551795
554992
561662
566703
569171
569265
571085
571249
571637
579647
580970
586933
587653
587681
589105
595885
601945
601976
605575
608734
610211
610775
611758
613267
614002
616921
618253
620242
620764
622180
624311
624343
625131
625146
627449
629684
630358
633716
633750
636566
640933
641397
642349
643894
644679
644691
645230
646221
650382
651732
651865
652129
653843
662958
666094
670329
675389
675422
680921
681671
684972
686000
686873
691431
691689
692847
693099
693709
698603
699271
701262
702306
702308
702795
702861
707049
707470
714689
716074
716372
716943
718598
725455
726979
727470
728785
730805
739559
740125
742798
743344
743483
744075
744227
744338
748209
748745
751118
751916
752544
755068
755657
756495
759728
760214
767502
767592
768195
768596
768650
774577
777320
779310
779976
781410
790460
795134
799228
800031
800318
801507
802350
805951
806758
808860
810822
824566
825559
826100
826986
828215
829689
831084
832316
832454
832888
832937
833657
834617
836015
836981
837560
840791
841634
845459
845948
847433
851480
851528
855477
856791
857011
865650
866757
874126
874614
875670
876775
877103
880480
881105
881241
881616
882778
885470
885689
887965
889804
889966
890029
893047
893411
894247
894355
895063
895672
896204
898836
901990
901994
906802
907888
908676
910180
910184
912932
913153
913745
913939
924476
924522
924582
926839
929178
931736
932204
933092
933189
936682
936755
939377
940571
940770
943856
945506
945708
951022
952796
953558
953939
954081
958248
959575
959730
961291
962092
964937
968616
969548
970919
973138
974472
976212
976280
979352
980416
989517
992483
992681
994389
997681
999739
1000675
1000989
1003761
1005908
1007376
1009178
1009249
1013568
1016381
1017076
1017642
1023046
1024668
1029644
1031264
1033866
1035540
1038640
1046720
1062703
1072854
1074847
1079013
1084543
1084909
1091303
1096924
1099611
1104279
1112627
1123903
1127854
1128940
1129773
1130042
1130212
1134060
1137267
1143413
1144391
1144476
1145050
1152693
1152952
1157865
1158038
1158485
1158803
1159865
1161278
1165723
1167043
1170755
1172153
1176845
1177654
1181167
1183547
1189358
1193565
1195496
1195798
1199518
1199926
1201831
1205685
1208020
1210161
1210777
1211029
1218290
1219825
1220456
1221357
1221620
1226811
1230697
1235031
1253065
1253983
1258039
1260244
1261935
1266319
1267526
1271085
1272617
1281834
1284220
1285269
1285643
1285784
1287388
1287469
1288587
1290962
1292348
1295155
1297454
1297797
1299288
1302021
1304105
1304228
1304742
1306822
1308760
1316079
1317859
1321335
1323513
1326748
1334581
1340841
1350386
1350388
1350935
1352633
1355405
1357426
1361358
1361650
1368883
1369989
1370647
1370901
1371489
1374279
1374854
1379301
1381811
1382257
1384083
1393215
1399063
1404564
1405161
1406027
1407192
1412761
1416222
1418085
1419577
1420689
1421124
1422897
1426842
1426974
1427297
1432120
1436324
1438052
1445493
1447215
1447609
1448377
1452247
1453639
1453653
1457429
1466835
1467731
1477356
1480078
1484374
1486350
1487780
1493651
1494094
1494313
1494541
1504522
1512150
1522714
1525915
1530154
1531584
1541151
1549194
1555328
1563936
1585112
1595896
1604490
1608668
1610675
1610871
1621680
1623851
1623962
1625784
1632097
1644217
1648537
1650036
1651665
1653811
1658757
1659254
1660299
1661848
1666168
1668490
1673375
1683577
1691025
1692132
1698117
1705789
1718648
1722810
1726621
1731349
1734937
1743066
1749779
1754318
1760017
1761942
1786191
1804130
1818779
1828948
1846073
1860460
1868399
1871155
1877713
1878917
1882278
1905309
1906812
1909466
1920777
1925781
1938627
1939168
1942803
1943113
1946528
1951380
1959681
1961728
1966837
1973014
1974645
1976435
1977296
1982954
1989026
2050245
2053776
2111339
2157510
2176366
2177270
2209436
2227586
2266349
2276550
2279674
2322766
2344284
2353738
2384191
2389233
2435321
2435389
2436175
2437303
2478483
2497355
2515832
2530364
2606536
2714723
2742056
2772785
2824048
2908901
2931761
2974855
3226682
3430284
55087
63444
77661
102302
118586
121435
145261
154867
161182
179514
191798
192368
193777
204154
204218
212788
225511
225913
240547
255458
255892
258617
285279
286690
294279
310394
316789
318555
321429
324670
339755
343183
355704
355800
357734
357841
359608
370396
373620
373974
374482
388636
389833
400955
408824
412861
421517
424334
433269
435415
470197
472293
474268
477020
482612
493496
495182
496430
496537
497852
499249
500678
502550
512837
516549
517064
540408
546651
550811
551735
554868
564891
572235
572988
577381
578007
580316
581488
584626
586700
589040
595415
595805
600014
601710
605491
614053
614057
621658
629303
635708
636569
637388
639859
643820
645988
647548
647798
648761
671628
675483
677323
682327
683207
684267
691774
691995
695641
696083
699091
700851
701139
703171
705907
708291
710097
713879
715413
715434
715462
717079
722846
732743
733495
749000
749084
749914
751010
755231
759633
760945
765081
773936
794042
796863
798974
808503
808789
811451
814413
815347
815463
818205
830773
831054
832342
833252
836551
837875
838445
840526
845253
845401
848689
858745
858996
863913
866788
866843
878825
882865
889573
891062
892046
893428
893906
895158
895651
899846
901550
902457
922967
929077
929165
931525
931715
931998
933761
940339
940339
948532
948688
952150
952863
952891
955734
959209
969672
971859
972113
977808
989773
991868
1000269
1000854
1002281
1002554
1002804
1003829
1017359
1028293
1032973
1036837
1089179
1091231
1094363
1094491
1095199
1105485
1127335
1129657
1144268
1149899
1153739
1157366
1160007
1162028
1166258
1166863
1170232
1171056
1173598
1174691
1192571
1203742
1208679
1209117
1214359
1218259
1224358
1228376
1229711
1230309
1231517
1231531
1232270
1236386
1239657
1254374
1256142
1257356
1258353
1262439
1264971
1266119
1266409
1267027
1267124
1267289
1271175
1271205
1271319
1276045
1284637
1296741
1297193
1303217
1317487
1325615
1330747
1331391
1332714
1334855
1341499
1344831
1349338
1355564
1356524
1357258
1357514
1363514
1365669
1367408
1367649
1368982
1374790
1389965
1396310
1399189
1413987
1414326
1418407
1428774
1430888
1431140
1433991
1447531
1453285
1454834
1456159
1478202
1480931
1481301
1483355
1487030
1493830
1499570
1509835
1516111
1525157
1525458
1531328
1533378
1540399
1543459
1544519
1565296
1612515
1613714
1632903
1634537
1651155
1669321
1670232
1672859
1673775
1674812
1689568
1697045
1698104
1722742
1729427
1745707
1754695
1755956
1765602
1767072
1771406
1776069
1783961
1795465
1797472
1810717
1831236
1848534
1849228
1850594
1862027
1876934
1890000
1896981
1904312
1910957
1918324
1927632
1938985
1946200
1947268
1988962
2013736
2038328
2056966
2190764
2249342
2405078
2406629
2408005
2431797
2439532
2442127
2482629
2500405
2944022
3017902
116623
184115
186860
207845
219571
239476
243556
258289
277627
293497
319036
320455
339757
342645
343379
353223
357097
364318
370153
370343
378597
383340
387796
417125
435659
448730
449960
451526
478930
479138
494359
495386
504673
595863
603755
615727
633273
634073
647291
665511
667310
673679
682613
684966
685214
687187
696232
699061
701816
702705
703658
706445
709078
709541
711018
731861
759587
762325
763810
763997
764474
767816
802693
808662
810158
833870
858686
864567
865939
866002
866932
874583
881068
885721
886543
912320
929338
937039
941236
966304
989539
1003146
1088827
1101159
1101517
1109561
1127835
1129118
1137580
1155899
1161836
1165197
1172426
1203861
1216199
1231222
1238190
1255117
1281818
1283685
1284913
1337527
1346455
1368931
1370298
1370600
1373386
1389207
1414490
1427698
1434084
1436608
1481554
1511235
1532259
1617801
1634462
1635399
1689372
1733661
1751464
1776425
1812384
1850757
1851141
1865870
1971741
2138003
2190554
2308309
2336581
2348138
2421910
2474992
77719
358776
495498
620695
630169
695977
700763
701107
832179
841370
845428
986096
1003754
1024721
1096471
1157994
1227946
1285345
1334319
1342745
1358382
1398358
1402470
1406296
1412491
1455662
1487572
1602361
1631602
1696228
1762396
1772504
1790420
1942434
2417486
2419494
2452649
2733222
572974
619613
644410
699563
731027
732053
959401
1366682
1541059
1849735
59775
65111
260405
278443
288127
327377
538366
546431
654426
662398
689023
692185
807806
876422
887455
1032375
1043784
1043856
1338853
1463422
1493647
1923103
60670
62327
65386
65427
89587
104437
114574
120446
124781
147355
147405
151517
167867
167930
170750
176108
183035
194261
195254
195381
196308
210495
212442
234815
236522
238015
238078
244397
253095
254327
255724
257433
258915
260398
261330
297727
301566
311249
314349
317822
322428
323057
327026
350623
355580
373748
376646
384301
389994
405461
406391
417251
419322
434097
436197
437177
449658
455275
455879
458060
458408
458564
463103
464591
464876
466650
467199
468445
480543
481249
486073
486369
496555
498967
511261
513253
514095
515222
516271
521048
521993
537598
540398
540589
552700
561079
565177
569305
583358
586459
589641
600045
600767
600830
605176
608215
613843
616188
617927
618225
618403
621211
622222
630614
631291
633213
633827
633842
638641
650950
651694
669359
671127
673781
681835
683719
684255
687509
687538
688065
694749
694766
695479
698615
699889
700364
703007
703100
709239
712600
731581
735146
736811
744905
748492
750068
769936
771941
776782
784413
784486
789759
794477
795391
799485
799675
802537
802611
806141
816508
817100
817517
824797
854751
856028
861563
863847
865879
873023
874748
880097
880409
882570
882797
887757
888651
893671
897214
899215
899371
902814
908438
910123
910163
914776
915509
915606
919294
920431
920439
921021
923357
924649
930742
931415
935163
935351
937813
944374
949665
959198
961976
964153
973537
978502
979277
979665
979794
981093
982066
986797
987613
987759
998320
1012811
1019061
1026699
1026761
1026786
1027461
1027603
1028651
1029290
1030725
1030787
1036693
1037605
1042800
1043096
1043872
1068542
1089398
1101547
1104851
1111475
1137982
1146524
1154986
1157755
1165757
1174985
1178472
1179032
1187701
1214451
1233849
1234169
1238964
1250683
1270521
1275407
1275730
1301922
1303733
1307277
1308234
1309258
1324915
1341285
1343269
1347059
1355326
1359459
1362174
1367493
1367730
1371915
1384951
1394550
1400230
1404467
1407079
1408706
1423391
1423503
1436826
1439306
1439428
1445246
1458088
1462511
1463546
1472325
1475966
1476089
1477582
1492466
1493309
1495135
1534259
1534479
1536307
1537069
1539114
1554051
1567408
1570084
1586847
1586863
1599466
1603285
1631451
1676785
1696171
1696311
1718163
1721759
1735819
1764754
1798302
1800835
1824100
1827918
1829513
1831714
1838775
1840999
1857004
1857382
1874103
1876414
1888443
1942110
1947719
2012709
2034483
2089548
2251258
2309802
2356050
2372463
2400703
2437595
2481542
2512625
2823098
2980227
47063
48543
55151
76767
77806
80367
95671
96109
105711
112558
120479
121981
122535
126450
126805
128791
130800
159219
159567
162525
162789
167911
174046
190255
190846
191462
193743
218493
222685
223179
226995
228596
229176
233340
239037
240110
243357
243545
244827
245105
246774
247766
247786
249179
249287
251342
252510
253539
291575
292303
307006
307059
319063
321402
333789
338909
341691
341747
342983
343403
349661
351985
352030
359030
362991
371635
379582
382607
383941
384206
385662
386746
387359
388316
389865
390029
398303
400871
415674
423350
425928
431351
440011
442134
448079
451679
453787
455513
465143
466412
468383
476795
480748
481756
482740
488731
488843
490161
490526
496763
497129
501935
502107
502557
503356
504605
505614
513896
515729
520436
523824
524036
561118
572401
581098
582383
583533
586335
587450
588382
596951
597407
597854
601579
613086
615291
618356
629998
630250
633811
637397
638378
638817
638854
642413
645965
647073
647855
648877
653710
659967
662909
665335
669487
677818
678359
682235
685877
687513
687586
701087
702266
703715
703773
708983
709610
712238
712418
717724
719206
727391
734445
734962
735481
736166
736948
743662
743739
745095
751830
757101
758487
760123
760282
761546
763123
764726
765410
767259
769177
774518
777514
778461
781865
784020
784593
793854
794525
801721
809710
811901
825022
831079
834259
834262
838636
841398
841656
844575
849014
851274
851276
859381
859751
859987
867387
867948
878499
880481
880592
881822
883652
889587
890556
891798
895387
896302
896930
902573
903894
905837
907154
908937
910038
913626
914384
914447
914492
914644
921319
924907
932566
933177
933177
939918
940532
943342
943774
943827
943980
945873
946922
948342
948946
951277
953590
956344
957880
958356
959311
959417
960355
961241
961843
963631
964893
965089
969962
974022
975348
981560
989100
989595
990101
991725
993099
993598
996818
996947
997686
1000922
1008430
1010920
1012883
1013442
1014309
1014369
1014851
1019271
1020538
1022673
1023006
1024741
1024828
1026920
1028747
1034978
1036739
1061375
1089211
1099741
1100779
1106679
1108956
1110831
1113443
1113763
1121239
1129914
1134326
1136506
1145701
1146451
1158012
1160735
1161375
1162949
1173159
1186287
1207989
1209779
1210927
1218407
1223517
1235578
1238844
1242984
1243849
1244302
1249251
1250298
1250735
1252263
1256285
1258414
1264445
1275557
1276265
1279467
1281881
1283261
1285585
1285592
1285655
1285802
1291385
1291689
1292439
1295285
1297241
1304117
1317821
1318813
1326806
1336543
1337835
1340142
1340156
1341323
1342434
1342766
1350629
1351091
1351142
1353335
1353706
1356662
1361583
1367326
1367508
1368572
1371506
1372629
1373041
1374022
1375441
1382343
1384043
1387491
1391047
1391151
1401207
1402525
1402682
1403125
1409790
1411004
1415567
1415804
1416775
1417128
1419708
1421816
1428728
1435411
1437222
1439553
1439556
1452525
1455545
1457687
1460083
1465076
1470811
1477079
1478191
1480505
1484532
1484721
1486444
1486768
1487590
1489138
1491694
1494229
1501560
1502310
1503850
1509875
1513117
1532717
1534074
1542002
1565298
1569176
1571408
1591791
1602255
1649487
1661550
1676252
1680109
1695308
1702104
1719004
1719900
1720085
1723877
1725358
1730390
1732450
1733989
1757499
1763170
1765717
1774398
1779548
1812686
1820520
1821125
1822404
1830150
1832514
1833105
1866435
1869692
1872731
1874396
1897749
1899587
1906586
1910991
1914458
1922505
1926072
1940677
1942422
1944012
1944040
1946723
1961568
1969566
1971867
1976280
1977765
1989970
1993052
2004519
2008858
2053219
2054984
2069304
2165757
2198781
2272117
2274035
2280047
2287271
2323425
2406813
2431678
2437011
2440590
2442731
2449823
2452759
2453424
2484348
2538652
2841520
2868067
2882626
2919292
2963396
3050714
22511
31726
69599
97770
122490
124635
155126
162298
185199
185711
190139
204702
212183
212339
227820
249798
251832
308847
320759
326970
353661
355933
357271
371437
374230
374573
383715
386005
390520
424125
424634
425145
425178
443319
444278
445426
445659
449939
455790
466883
480956
482970
488750
502445
517003
532095
565135
580459
586744
618863
619870
628659
628685
630221
638758
639934
647547
647926
650271
650397
671629
683945
686956
715435
715565
726747
727899
732381
733999
736497
748205
748830
749016
759253
761427
765857
768738
770271
773223
773972
773986
776920
809846
810587
814524
815550
815595
818823
830699
834684
840654
845769
848837
849132
850325
850545
859124
859834
860114
864092
866119
868049
874711
879771
880298
881620
883339
888375
890354
894622
896182
896709
903623
930765
939449
940494
940653
943901
949350
949829
949830
953834
957396
960488
964779
965346
965655
967483
973157
975094
975221
985037
993583
995205
996980
997251
1006862
1012200
1020749
1021269
1021548
1024948
1028578
1033037
1033912
1037544
1044593
1064783
1096423
1105780
1110774
1110780
1128182
1129325
1134430
1141621
1144547
1154654
1165229
1174442
1186798
1203099
1205979
1206759
1208559
1226476
1235662
1235692
1237878
1242283
1243317
1258331
1269275
1269413
1269588
1270253
1276268
1294590
1298280
1303239
1303786
1317743
1320863
1325005
1337255
1338971
1339066
1341211
1357052
1362422
1366679
1370462
1375526
1389427
1392457
1395450
1401817
1406070
1407689
1412474
1415598
1415767
1416901
1418217
1422066
1423899
1426293
1427149
1427180
1429015
1434326
1436190
1436761
1449799
1453854
1463643
1464115
1470905
1471340
1473291
1473308
1481319
1489175
1495469
1497516
1498505
1499949
1513976
1522703
1531045
1533381
1535021
1553228
1629425
1631134
1637027
1666606
1674931
1676918
1681095
1681258
1682668
1694053
1727827
1730795
1739243
1739327
1741271
1755485
1756980
1799706
1824081
1850919
1873523
1875157
1880974
1889047
1891497
1892763
1921882
1937891
1952149
1962168
1963840
1977777
1994292
2013724
2051219
2066204
2222453
2243695
2317901
2332025
2349709
2454949
2463287
2480357
2480779
2483853
2756439
2832304
2901996
2921942
2945833
3304647
3373668
64890
158699
175579
180060
226234
237365
277631
309143
357054
381940
382139
391409
447465
466703
468903
480491
482996
498873
508902
512245
513708
536415
572125
585177
586191
606030
617181
643020
651599
701287
728859
735129
746331
747111
759644
768186
810414
817908
831278
846297
847516
849522
875190
880990
908472
931387
932470
947046
957928
967605
988845
993913
1008345
1021890
1033157
1109466
1168245
1169595
1172375
1172409
1234285
1257054
1267539
1276982
1293538
1296702
1332911
1365932
1367354
1371960
1390285
1391225
1394519
1420470
1423208
1469597
1469723
1495862
1512931
1540541
1560809
1620375
1624287
1682329
1684826
1718643
1733199
1734098
1752389
1864475
1866838
1941200
2162205
2221036
2226054
2283414
2313961
2461131
358844
386033
422813
613726
701877
744284
764394
774889
867642
880306
932925
991004
1020389
1210190
1282511
1290869
1355415
1532771
1681869
2574169
2919831
179550
440750
441180
473550
746931
994710
996249
997272
1144367
1272027
1370938
1650327
1740615
2034672
521863
929087
1033399
1216475
1250813
1334259
111614
143103
180179
192486
216830
220135
222591
225254
237548
249559
258998
259691
260503
288639
292857
321021
327353
335231
360154
363518
371454
371699
380031
392809
413407
413559
415471
419710
440221
445182
460795
469247
478015
484703
490710
502847
511724
514955
515482
522053
522668
522953
522968
573418
613884
620367
622286
622516
636920
675805
689919
700393
704421
709118
716190
722431
728415
732091
749522
750879
751443
753457
753490
756221
758774
784935
785194
804735
810489
816495
830941
831443
841982
868294
870390
874301
874355
881439
884656
886778
909204
916582
921579
934847
937946
941723
942335
949612
963452
964556
967673
971359
971902
973214
979667
982539
982541
988791
1021277
1022422
1022743
1035659
1038487
1038638
1041622
1046669
1046791
1113547
1142524
1144446
1161204
1205246
1206014
1206253
1206268
1222911
1223583
1244954
1267165
1299127
1309013
1309835
1335221
1343321
1373549
1382363
1396189
1407389
1423849
1428730
1432995
1439388
1441318
1441553
1474004
1474442
1484284
1489866
1648621
1687458
1688767
1701571
1722361
1736420
1745783
1757154
1765997
1815211
1821869
1821930
1828682
1843188
1845238
1847273
1853823
1856506
1860862
1862959
1873277
1878455
1880303
1881207
1884415
1906302
1911515
1914610
1918175
1918875
1928433
1949254
1956391
2037587
2044087
2054940
2065646
2090089
2227758
2285522
2383353
2480926
2498486
2702261
2948464
2992371
65245
89727
107519
153591
171263
171899
190271
212857
235389
244218
252659
253293
255551
256799
257255
290623
314875
326521
360245
374335
380127
390995
392106
406511
409081
417487
425829
434133
438047
441803
445807
454268
457529
458452
458704
465886
468988
469943
473533
473711
478139
483177
489703
490714
491147
495534
497055
499546
499569
501463
504700
506430
506766
518983
520910
521073
521138
521373
522901
523857
523916
523938
540143
552431
554997
604670
612334
620502
621429
622316
626527
626543
626558
629239
632702
633783
635900
647122
650102
650166
653079
677853
683735
688026
695283
708207
709373
710907
711775
714485
717686
718007
727535
728879
736997
739317
740857
751847
752854
753421
757625
757626
759542
761119
761321
764920
767387
768870
769677
769861
774104
776934
777017
777549
780509
780761
783131
783708
783930
786212
801407
808893
810477
834365
834522
839471
842847
844271
846623
850269
851366
851402
860145
865757
866282
866747
867159
872378
876273
876280
881263
887739
888700
891575
895977
896485
898936
900592
910231
912446
912949
913004
913219
913285
921566
932604
933101
954875
958392
961959
962163
966411
967674
969949
973707
973808
975845
977649
981543
981610
981699
993014
995771
996598
996667
999110
1004957
1006651
1010331
1013022
1014132
1014426
1015000
1022631
1030028
1030350
1031270
1033174
1033503
1037748
1039300
1042620
1043558
1064926
1079229
1096698
1128943
1129431
1142238
1143231
1161019
1170867
1173182
1175273
1176919
1194487
1195495
1203958
1207549
1212205
1222335
1244614
1244984
1251823
1258989
1276873
1279927
1285035
1285603
1286654
1291132
1294161
1299759
1300326
1301331
1305522
1307987
1308259
1308265
1309319
1309900
1339195
1339315
1341173
1341917
1342047
1343290
1351603
1355133
1358747
1365623
1369966
1372005
1375845
1390295
1396407
1414137
1419194
1424796
1429354
1436875
1437140
1440149
1441504
1461879
1471319
1473460
1481503
1487771
1489529
1496526
1497278
1517999
1522629
1523587
1524207
1531589
1565916
1570210
1571986
1600382
1621339
1624823
1638338
1653724
1656567
1666397
1666972
1669575
1676251
1679062
1690349
1711865
1717207
1734043
1749407
1756703
1758395
1758511
1763439
1767819
1792633
1797748
1819351
1827165
1830226
1833290
1834520
1842909
1850356
1864619
1867562
1877470
1883090
1884068
1890423
1894526
1895129
1895830
1897894
1898185
1899157
1906535
1906553
1911670
1930224
1944631
1944700
1960110
1962213
1962771
1974225
1997459
2074187
2158510
2202047
2252414
2354865
2445951
2485533
2522651
2559861
2614890
2718407
2751393
2767671
2771439
2793318
3120277
48123
105979
114045
121787
129785
180090
187259
188191
193487
228807
240634
243182
244157
245684
251382
253562
255978
294780
318703
323031
324542
355309
359851
374646
378811
397247
439283
441039
441751
452055
455406
473074
482669
482675
486621
488819
489318
489693
490922
500983
548733
593887
642553
644075
645877
646462
648185
650555
669407
710134
715725
716469
718445
736878
737054
742767
744363
744751
751861
752105
753100
755575
765669
767389
768435
770991
775118
781042
823103
827005
834413
843634
849331
851065
856015
873903
875227
879853
892702
898802
899863
903667
904883
907629
912244
912300
914549
943609
945518
963247
965050
973367
976059
982420
982433
989692
991180
994556
998605
1003965
1005496
1010644
1011895
1013294
1024638
1027243
1034940
1035577
1041315
1041354
1081022
1109903
1112025
1161467
1191902
1220071
1232335
1236875
1236901
1238718
1238763
1243029
1243619
1264991
1265071
1271359
1284415
1285903
1291117
1291252
1292471
1296763
1303463
1310320
1364923
1369587
1384279
1389519
1412843
1415022
1423205
1423206
1424683
1431198
1432875
1438905
1465836
1466211
1466226
1469341
1474402
1481582
1486059
1491949
1494799
1522119
1523215
1528758
1531534
1537372
1547760
1548775
1552839
1560040
1570348
1571122
1613671
1619437
1629839
1669555
1694375
1730447
1748339
1764399
1766710
1777340
1780443
1799800
1806711
1830943
1866807
1873645
1881879
1889141
1889963
1891812
1898779
1908652
1928101
1929122
1933128
1939065
1940796
1946215
1946413
1946683
1952716
1964810
1981723
1986151
1988337
1992815
1994150
2010518
2057611
2077017
2145979
2288378
2321365
2565625
2618968
2729955
49021
155582
274399
319165
351959
441963
446365
449758
490225
499303
502761
512381
515512
556538
587243
636890
651770
663455
683987
685310
703349
716014
717661
718684
727991
747230
766908
774637
781268
781784
843724
876010
899310
899701
900817
913891
963422
964853
965719
974233
979814
994909
998503
998990
1001963
1005229
1019797
1023782
1026899
1026922
1034216
1195646
1226605
1228220
1234839
1238887
1239797
1259983
1260775
1269173
1271757
1292730
1295997
1299691
1427385
1462233
1471725
1515237
1538676
1550909
1559243
1799601
1815347
1862782
1864423
1875262
1894861
1932968
1936839
1952662
1981979
1994531
1997048
2211005
2594383
2666287
2868598
221021
251862
257002
323053
375151
752500
816759
978038
1243325
1274844
1367862
1432282
1434867
1469799
1488491
1497955
1543612
1545714
1806053
1958265
2046265
358075
761574
1003430
1174261
1751383
1993525
1497526
261423
261862
366589
442348
466399
491466
495071
522951
523598
645503
654167
681975
707839
729019
731647
737141
737210
744947
816638
817148
819051
827323
856059
859134
868077
868332
874483
882494
892286
906815
907391
917274
931834
947582
949994
962509
972030
975679
1035989
1039817
1044134
1045817
1047427
1103743
1113963
1212345
1223678
1264638
1277725
1351639
1375147
1400805
1404829
1426429
1468279
1486819
1660669
1759647
1769364
1824359
1833322
1842174
1873403
2068171
2091182
2093658
2324466
2711501
2714877
55295
121853
130683
196317
241531
255711
261084
340991
348031
380924
390891
392311
392634
392889
456621
456677
478199
481663
483133
488367
489295
490327
498927
503515
504574
515359
517877
519612
519990
520028
520950
524088
589271
629727
641007
685821
697343
700223
703975
716029
726015
745334
749433
749433
757687
761799
765913
767677
777117
778013
781773
783035
784695
784860
785330
786202
786313
812991
818919
827247
830971
839673
843499
851847
868203
877535
883131
883698
896979
900586
902651
908019
913197
913227
915157
916295
933838
944635
947694
957279
960253
965101
974423
976881
978715
982243
982705
994043
999243
1011610
1013653
1022938
1023342
1028703
1031507
1031587
1035885
1038797
1039081
1039985
1043271
1047754
1047945
1102847
1113978
1114013
1145843
1160895
1163252
1178287
1226491
1232511
1235707
1267693
1269214
1277922
1285039
1292028
1293742
1301419
1302002
1309493
1335247
1372028
1374123
1390319
1403855
1405819
1416158
1437299
1441084
1464251
1465711
1465711
1482614
1490872
1494877
1498868
1517407
1521596
1522556
1523355
1534398
1539371
1553999
1555825
1568113
1635695
1652159
1681367
1691626
1733487
1736302
1749755
1760756
1764955
1767393
1793567
1798643
1798643
1798863
1801743
1810133
1826183
1828239
1829467
1862511
1873851
1881069
1891031
1899889
1924551
1937358
1947587
1961952
1990046
1990362
1997651
2005687
2057563
2066926
2076053
2276860
2317943
2331646
2354997
2356583
2383823
2518395
2612946
2848675
2948536
3139886
3399431
186335
195963
227291
255479
326635
359918
359925
360223
382783
384875
388477
391086
456541
473007
482298
482927
487143
490559
501723
507723
511391
519605
519658
606183
621279
638713
642303
650222
654139
687547
695799
703227
703230
704444
716519
717247
744941
751482
753592
760797
772799
776942
777070
834519
843215
850831
859119
875359
883669
902623
904926
905007
910267
915053
915369
931759
946029
948669
970651
970726
972267
975355
978420
981598
996575
998844
1003421
1009111
1009271
1009402
1011117
1013210
1018749
1023294
1030128
1031830
1039332
1163194
1171315
1232883
1275739
1277837
1302380
1303903
1306037
1308917
1359647
1363775
1372007
1372415
1403823
1408791
1432478
1439149
1440031
1449467
1496766
1497849
1498361
1511389
1537969
1544060
1552751
1668951
1736595
1756023
1793742
1797831
1805799
1830353
1866107
1890261
1916702
1939287
1940348
1948628
1953685
1955794
1955816
1962737
2018158
2018875
2063561
2225975
2228200
2306007
2325484
2845676
196092
374495
375675
387567
441725
474099
487134
501749
514010
515293
518009
518093
519294
646893
649209
650234
712510
720376
734847
810927
849389
879991
883449
900446
900718
908986
947835
948729
965483
972523
995278
1006547
1037931
1146557
1269435
1277684
1359279
1466078
1489583
1498838
1502607
1563059
1698780
1767091
1891772
1899725
2225131
2287087
2424654
2452459
356207
359803
455547
474015
499187
517619
587511
646894
719606
751839
842975
908662
977643
1021901
1240950
1472435
1486805
1505010
1821643
1943277
1957602
1994295
2746855
2872308
503275
776685
914169
1170671
1293038
1407831
1536477
1547213
1752749
1867039
1562100
130799
449791
523502
933819
949995
1005279
1042871
1047462
1245110
1507123
1570507
1834197
1992559
2094748
2490211
2490214
126974
256511
344055
389107
392667
425965
434159
458459
478975
522071
523990
524085
655321
696063
710399
714743
748535
753649
759799
765879
784243
786071
835559
847861
851945
876029
987119
993215
1004927
1011187
1013745
1023355
1031085
1035707
1039007
1039310
1042362
1043918
1044301
1269502
1309533
1310565
1342335
1400814
1414143
1425369
1441223
1457903
1471485
1473215
1488830
1502399
1572308
1572382
1572465
1665007
1668087
1695225
1702267
1734525
1761257
1795963
1932249
1992571
1992635
2228090
2438143
257887
262101
393190
441853
454135
475005
503774
520107
521197
524233
556543
647149
671742
700399
776179
882111
906223
916206
956399
964573
969719
982331
1029597
1038173
1039927
1039994
1042327
1046467
1284607
1291759
1306334
1367743
1440729
1441258
1498105
1527547
1563577
1566619
1571301
1572804
1924858
1930685
1963191
1981687
2023097
2053950
2092601
2309855
2483135
3555313
114559
196347
319423
391162
450399
475006
487414
521707
522739
647099
654205
719351
779773
780254
783711
784348
884407
977853
979950
982490
982506
998975
1031293
1039195
1046504
1211901
1307327
1433007
1523611
1535731
1554671
1570942
1571810
1670845
1766393
1828811
1930621
1955294
2019190
2022811
196093
999143
999230
1036025
1307630
1490527
1531741
1916223
2094324
2598831
974702
999325
1023950
1959390
1490647
1047469
1474423
1684991
448511
716798
752638
786327
882431
950254
993279
998397
998397
1042271
1044333
1047739
1437689
1753070
1834854
1898492
1941183
2059935
2061727
2096070
319487
471039
519871
909182
909293
980955
999163
1048425
1305567
1441567
1533935
1555895
1572330
1701819
1884111
2030453
2077119
2094060
409599
753135
981375
982521
1011195
1031791
1036270
1567583
1568700
1768442
2027358
2058107
2063321
2075517
261115
389103
520174
1032115
1044465
1309175
1474511
1307903
1828733
1898303
2061294
507391
1955838
2029564
524219
524221
983027
1015804
2358751
521215
784382
1277950
1570812
1802174
1900519
1039355
1572348
2096351
1048558
